Route,Subroute,ActivityID,ActivityType,TravelTimeToActivity,ActivityTime,ActivityDemand,RemainingCapacity,RemainingTime,CumDemand,CumTime
0,0,0,depot_start,0,0,0,10000,28800,0,0
0,0,71,collect,51,704,679,9321,28045,679,755
0,0,68,collect,0,461,439,8882,27584,1118,1216
0,0,3,collect,0,413,376,8506,27171,1494,1629
0,0,15,collect,0,80,67,8439,27091,1561,1709
0,0,134,collect,0,389,363,8076,26702,1924,2098
0,0,178,collect,0,330,318,7758,26372,2242,2428
0,0,194,collect,0,425,406,7352,25947,2648,2853
0,0,198,collect,0,236,218,7134,25711,2866,3089
0,0,25,collect,0,172,150,6984,25539,3016,3261
0,0,246,collect,0,147,126,6858,25392,3142,3408
0,0,307,collect,16,481,444,6414,24895,3586,3905
0,0,266,collect,20,428,412,6002,24447,3998,4353
0,0,29,collect,0,407,382,5620,24040,4380,4760
0,0,239,collect,0,290,272,5348,23750,4652,5050
0,0,197,collect,0,350,330,5018,23400,4982,5400
0,0,191,collect,0,434,411,4607,22966,5393,5834
0,0,188,collect,18,575,557,4050,22373,5950,6427
0,0,192,collect,0,319,299,3751,22054,6249,6746
0,0,236,collect,0,552,528,3223,21502,6777,7298
0,0,264,collect,0,455,435,2788,21047,7212,7753
0,0,201,collect,23,597,580,2208,20427,7792,8373
0,0,1,arrive_if,107,0,0,2208,20320,7792,8480
0,0,1,offload,0,300,0,10000,20020,0,8780
0,1,1,depart_if,0,0,0,10000,20020,0,8780
0,1,30,collect,17,259,221,9779,19744,221,9056
0,1,270,collect,0,454,438,9341,19290,659,9510
0,1,310,collect,0,308,290,9051,18982,949,9818
0,1,354,collect,19,476,451,8600,18487,1400,10313
0,1,392,collect,0,64,50,8550,18423,1450,10377
0,1,43,collect,0,157,132,8418,18266,1582,10534
0,1,440,collect,0,534,519,7899,17732,2101,11068
0,1,490,collect,0,401,381,7518,17331,2482,11469
0,1,528,collect,21,538,517,7001,16772,2999,12028
0,1,530,collect,0,493,477,6524,16279,3476,12521
0,1,61,collect,0,113,89,6435,16166,3565,12634
0,1,532,collect,0,497,475,5960,15669,4040,13131
0,1,503,collect,0,219,206,5754,15450,4246,13350
0,1,457,collect,0,467,439,5315,14983,4685,13817
0,1,454,collect,0,405,381,4934,14578,5066,14222
0,1,460,collect,0,296,279,4655,14282,5345,14518
0,1,466,collect,0,694,675,3980,13588,6020,15212
0,1,510,collect,0,613,576,3404,12975,6596,15825
0,1,473,collect,0,466,452,2952,12509,7048,16291
0,1,417,collect,0,228,210,2742,12281,7258,16519
0,1,380,collect,44,68,46,2696,12169,7304,16631
0,1,45,collect,0,136,119,2577,12033,7423,16767
0,1,464,collect,14,455,441,2136,11564,7864,17236
0,1,468,collect,0,601,576,1560,10963,8440,17837
0,1,470,collect,0,297,281,1279,10666,8721,18134
0,1,474,collect,0,400,385,894,10266,9106,18534
0,1,476,collect,15,401,379,515,9850,9485,18950
0,1,518,collect,0,134,116,399,9716,9601,19084
0,1,2,arrive_if,0,0,0,399,9716,9601,19084
0,1,2,offload,0,300,0,10000,9416,0,19384
0,2,2,depart_if,0,0,0,10000,9416,0,19384
0,2,543,collect,0,406,385,9615,9010,385,19790
0,2,541,collect,0,324,290,9325,8686,675,20114
0,2,538,collect,17,568,551,8774,8101,1226,20699
0,2,513,collect,0,330,310,8464,7771,1536,21029
0,2,507,collect,0,619,602,7862,7152,2138,21648
0,2,463,collect,0,193,175,7687,6959,2313,21841
0,2,52,collect,17,98,79,7608,6844,2392,21956
0,2,413,collect,19,473,449,7159,6352,2841,22448
0,2,44,collect,0,379,348,6811,5973,3189,22827
0,2,299,collect,21,138,121,6690,5814,3310,22986
0,2,295,collect,0,563,521,6169,5251,3831,23549
0,2,296,collect,0,645,630,5539,4606,4461,24194
0,2,328,collect,0,112,94,5445,4494,4555,24306
0,2,374,collect,0,428,402,5043,4066,4957,24734
0,2,410,collect,0,65,36,5007,4001,4993,24799
0,2,447,collect,14,331,314,4693,3656,5307,25144
0,2,448,collect,0,418,401,4292,3238,5708,25562
0,2,493,collect,0,295,276,4016,2943,5984,25857
0,2,445,collect,0,588,570,3446,2355,6554,26445
0,2,395,collect,20,209,183,3263,2126,6737,26674
0,2,315,collect,17,439,420,2843,1670,7157,27130
0,2,1,arrive_if,0,0,0,2843,1670,7157,27130
0,2,1,offload,0,300,0,10000,1370,0,27430
0,2,0,depot_end,267,0,0,10000,1103,0,27697
1,0,0,depot_start,0,0,0,10000,28800,0,0
1,0,66,collect,0,204,189,9811,28596,189,204
1,0,104,collect,0,472,447,9364,28124,636,676
1,0,122,collect,0,211,193,9171,27913,829,887
1,0,166,collect,0,245,225,8946,27668,1054,1132
1,0,182,collect,0,383,365,8581,27285,1419,1515
1,0,340,collect,55,449,432,8149,26781,1851,2019
1,0,390,collect,0,454,436,7713,26327,2287,2473
1,0,418,collect,0,408,395,7318,25919,2682,2881
1,0,420,collect,13,544,520,6798,25362,3202,3438
1,0,480,collect,0,537,522,6276,24825,3724,3975
1,0,58,collect,0,403,388,5888,24422,4112,4378
1,0,485,collect,0,514,491,5397,23908,4603,4892
1,0,423,collect,0,662,642,4755,23246,5245,5554
1,0,47,collect,0,395,375,4380,22851,5620,5949
1,0,486,collect,20,44,23,4357,22787,5643,6013
1,0,522,collect,24,402,378,3979,22361,6021,6439
1,0,524,collect,0,439,400,3579,21922,6421,6878
1,0,59,collect,0,373,338,3241,21549,6759,7251
1,0,433,collect,0,470,437,2804,21079,7196,7721
1,0,430,collect,0,369,350,2454,20710,7546,8090
1,0,438,collect,17,407,386,2068,20286,7932,8514
1,0,396,collect,20,101,88,1980,20165,8020,8635
1,0,402,collect,0,288,266,1714,19877,8286,8923
1,0,443,collect,0,222,202,1512,19655,8488,9145
1,0,399,collect,0,114,94,1418,19541,8582,9259
1,0,361,collect,0,413,398,1020,19128,8980,9672
1,0,357,collect,0,280,264,756,18848,9244,9952
1,0,1,arrive_if,19,0,0,756,18829,9244,9971
1,0,1,offload,0,300,0,10000,18529,0,10271
1,1,1,depart_if,0,0,0,10000,18529,0,10271
1,1,312,collect,0,556,532,9468,17973,532,10827
1,1,316,collect,0,507,492,8976,17466,1024,11334
1,1,318,collect,0,103,84,8892,17363,1108,11437
1,1,362,collect,0,265,228,8664,17098,1336,11702
1,1,366,collect,0,387,367,8297,16711,1703,12089
1,1,368,collect,20,277,254,8043,16414,1957,12386
1,1,458,collect,13,799,778,7265,15602,2735,13198
1,1,55,collect,0,370,349,6916,15232,3084,13568
1,1,500,collect,0,572,547,6369,14660,3631,14140
1,1,534,collect,22,321,301,6068,14317,3932,14483
1,1,63,collect,0,111,89,5979,14206,4021,14594
1,1,56,collect,0,356,334,5645,13850,4355,14950
1,1,536,collect,0,181,164,5481,13669,4519,15131
1,1,509,collect,0,345,329,5152,13324,4848,15476
1,1,505,collect,0,405,386,4766,12919,5234,15881
1,1,404,collect,34,234,212,4554,12651,5446,16149
1,1,408,collect,0,170,153,4401,12481,5599,16319
1,1,377,collect,0,311,287,4114,12170,5886,16630
1,1,371,collect,0,497,476,3638,11673,6362,17127
1,1,325,collect,0,467,445,3193,11206,6807,17594
1,1,33,collect,0,173,159,3034,11033,6966,17767
1,1,31,collect,0,156,112,2922,10877,7078,17923
1,1,283,collect,0,106,89,2833,10771,7167,18029
1,1,277,collect,0,449,430,2403,10322,7597,18478
1,1,274,collect,15,640,623,1780,9667,8220,19133
1,1,1,arrive_if,0,0,0,1780,9667,8220,19133
1,1,1,offload,0,300,0,10000,9367,0,19433
1,2,1,depart_if,0,0,0,10000,9367,0,19433
1,2,358,collect,19,405,388,9612,8943,388,19857
1,2,42,collect,14,342,325,9287,8587,713,20213
1,2,51,collect,0,180,163,9124,8407,876,20393
1,2,41,collect,0,145,124,9000,8262,1000,20538
1,2,40,collect,0,60,38,8962,8202,1038,20598
1,2,427,collect,0,353,314,8648,7849,1352,20951
1,2,349,collect,0,220,186,8462,7629,1538,21171
1,2,309,collect,0,353,331,8131,7276,1869,21524
1,2,269,collect,0,305,285,7846,6971,2154,21829
1,2,241,collect,0,313,293,7553,6658,2447,22142
1,2,235,collect,0,252,236,7317,6406,2683,22394
1,2,231,collect,0,653,636,6681,5753,3319,23047
1,2,232,collect,0,517,503,6178,5236,3822,23564
1,2,229,collect,20,319,300,5878,4897,4122,23903
1,2,187,collect,0,300,280,5598,4597,4402,24203
1,2,184,collect,0,377,360,5238,4220,4762,24580
1,2,175,collect,0,427,404,4834,3793,5166,25007
1,2,172,collect,0,533,498,4336,3260,5664,25540
1,2,176,collect,0,553,518,3818,2707,6182,26093
1,2,136,collect,38,673,651,3167,1996,6833,26804
1,2,140,collect,0,571,555,2612,1425,7388,27375
1,2,180,collect,0,412,393,2219,1013,7781,27787
1,2,1,arrive_if,89,0,0,2219,924,7781,27876
1,2,1,offload,0,300,0,10000,624,0,28176
1,2,0,depot_end,267,0,0,10000,357,0,28443
2,0,0,depot_start,0,0,0,10000,28800,0,0
2,0,64,collect,0,338,302,9698,28462,302,338
2,0,72,collect,22,528,509,9189,27912,811,888
2,0,76,collect,0,533,514,8675,27379,1325,1421
2,0,108,collect,0,152,130,8545,27227,1455,1573
2,0,12,collect,0,109,95,8450,27118,1550,1682
2,0,114,collect,0,420,399,8051,26698,1949,2102
2,0,138,collect,0,376,340,7711,26322,2289,2478
2,0,142,collect,0,765,731,6980,25557,3020,3243
2,0,93,collect,0,644,589,6391,24913,3609,3887
2,0,5,collect,0,144,99,6292,24769,3708,4031
2,0,85,collect,0,576,545,5747,24193,4253,4607
2,0,83,collect,0,273,237,5510,23920,4490,4880
2,0,4,collect,0,357,339,5171,23563,4829,5237
2,0,112,collect,0,780,738,4433,22783,5567,6017
2,0,116,collect,0,522,485,3948,22261,6052,6539
2,0,6,collect,63,78,41,3907,22120,6093,6680
2,0,148,collect,0,347,304,3603,21773,6397,7027
2,0,216,collect,0,224,184,3419,21549,6581,7251
2,0,26,collect,0,254,215,3204,21295,6796,7505
2,0,252,collect,22,210,188,3016,21063,6984,7737
2,0,302,collect,15,389,376,2640,20659,7360,8141
2,0,336,collect,0,222,201,2439,20437,7561,8363
2,0,388,collect,18,351,334,2105,20068,7895,8732
2,0,46,collect,0,373,352,1753,19695,8247,9105
2,0,517,collect,18,382,359,1394,19295,8606,9505
2,0,57,collect,0,329,311,1083,18966,8917,9834
2,0,514,collect,0,295,271,812,18671,9188,10129
2,0,2,arrive_if,21,0,0,812,18650,9188,10150
2,0,2,offload,0,300,0,10000,18350,0,10450
2,1,2,depart_if,0,0,0,10000,18350,0,10450
2,1,544,collect,0,38,18,9982,18312,18,10488
2,1,521,collect,0,412,392,9590,17900,410,10900
2,1,479,collect,0,407,389,9201,17493,799,11307
2,1,53,collect,0,32,11,9190,17461,810,11339
2,1,415,collect,0,420,384,8806,17041,1194,11759
2,1,385,collect,0,376,353,8453,16665,1547,12135
2,1,333,collect,0,178,157,8296,16487,1704,12313
2,1,330,collect,0,268,248,8048,16219,1952,12581
2,1,305,collect,16,741,726,7322,15462,2678,13338
2,1,301,collect,0,409,392,6930,15053,3070,13747
2,1,334,collect,13,633,617,6313,14407,3687,14393
2,1,338,collect,0,403,379,5934,14004,4066,14796
2,1,387,collect,0,339,321,5613,13665,4387,15135
2,1,383,collect,0,46,29,5584,13619,4416,15181
2,1,379,collect,0,334,313,5271,13285,4729,15515
2,1,373,collect,0,219,203,5068,13066,4932,15734
2,1,327,collect,0,480,453,4615,12586,5385,16214
2,1,289,collect,0,292,270,4345,12294,5655,16506
2,1,286,collect,0,107,90,4255,12187,5745,16613
2,1,320,collect,0,319,299,3956,11868,6044,16932
2,1,38,collect,37,215,196,3760,11616,6240,17184
2,1,36,collect,0,75,53,3707,11541,6293,17259
2,1,279,collect,0,321,298,3409,11220,6591,17580
2,1,273,collect,0,225,210,3199,10995,6801,17805
2,1,1,arrive_if,17,0,0,3199,10978,6801,17822
2,1,1,offload,0,300,0,10000,10678,0,18122
2,2,1,depart_if,0,0,0,10000,10678,0,18122
2,2,210,collect,65,240,203,9797,10373,203,18427
2,2,218,collect,0,376,338,9459,9997,541,18803
2,2,284,collect,0,151,136,9323,9846,677,18954
2,2,292,collect,0,330,308,9015,9516,985,19284
2,2,32,collect,14,65,51,8964,9437,1036,19363
2,2,322,collect,0,198,180,8784,9239,1216,19561
2,2,221,collect,36,380,358,8426,8823,1574,19977
2,2,153,collect,0,389,349,8077,8434,1923,20366
2,2,20,collect,0,322,288,7789,8112,2211,20688
2,2,94,collect,0,395,362,7427,7717,2573,21083
2,2,98,collect,0,323,288,7139,7394,2861,21406
2,2,156,collect,0,561,525,6614,6833,3386,21967
2,2,222,collect,0,94,73,6541,6739,3459,22061
2,2,27,collect,0,366,348,6193,6373,3807,22427
2,2,163,collect,0,549,508,5685,5824,4315,22976
2,2,103,collect,0,232,194,5491,5592,4509,23208
2,2,10,collect,0,383,363,5128,5209,4872,23591
2,2,100,collect,0,797,759,4369,4412,5631,24388
2,2,155,collect,0,646,624,3745,3766,6255,25034
2,2,151,collect,0,311,272,3473,3455,6527,25345
2,2,7,collect,34,361,327,3146,3060,6854,25740
2,2,21,collect,0,211,177,2969,2849,7031,25951
2,2,145,collect,0,399,357,2612,2450,7388,26350
2,2,18,collect,0,51,32,2580,2399,7420,26401
2,2,89,collect,0,412,394,2186,1987,7814,26813
2,2,86,collect,31,256,237,1949,1700,8051,27100
2,2,118,collect,0,257,242,1707,1443,8293,27357
2,2,1,arrive_if,94,0,0,1707,1349,8293,27451
2,2,1,offload,0,300,0,10000,1049,0,27751
2,2,0,depot_end,267,0,0,10000,782,0,28018
3,0,0,depot_start,0,0,0,10000,28800,0,0
3,0,11,collect,15,55,19,9981,28730,19,70
3,0,106,collect,0,275,258,9723,28455,277,345
3,0,128,collect,0,348,326,9397,28107,603,693
3,0,14,collect,0,422,385,9012,27685,988,1115
3,0,74,collect,19,629,612,8400,27037,1600,1763
3,0,81,collect,15,260,245,8155,26762,1845,2038
3,0,78,collect,0,316,296,7859,26446,2141,2354
3,0,13,collect,18,171,157,7702,26257,2298,2543
3,0,110,collect,0,359,342,7360,25898,2640,2902
3,0,133,collect,0,670,646,6714,25228,3286,3572
3,0,16,collect,0,232,215,6499,24996,3501,3804
3,0,17,collect,17,174,161,6338,24805,3662,3995
3,0,121,collect,41,101,83,6255,24663,3745,4137
3,0,164,collect,18,340,323,5932,24305,4068,4495
3,0,127,collect,0,376,355,5577,23929,4423,4871
3,0,124,collect,0,364,345,5232,23565,4768,5235
3,0,130,collect,0,286,269,4963,23279,5037,5521
3,0,169,collect,0,450,429,4534,22829,5466,5971
3,0,170,collect,0,521,499,4035,22308,5965,6492
3,0,23,collect,0,304,282,3753,22004,6247,6796
3,0,22,collect,0,331,309,3444,21673,6556,7127
3,0,226,collect,20,271,246,3198,21382,6802,7418
3,0,28,collect,0,336,317,2881,21046,7119,7754
3,0,24,collect,0,165,146,2735,20881,7265,7919
3,0,262,collect,14,551,508,2227,20316,7773,8484
3,0,342,collect,0,403,366,1861,19913,8139,8887
3,0,346,collect,0,191,154,1707,19722,8293,9078
3,0,351,collect,19,668,649,1058,19035,8942,9765
3,0,35,collect,0,152,133,925,18883,9075,9917
3,0,352,collect,0,415,393,532,18468,9468,10332
3,0,1,arrive_if,19,0,0,532,18449,9468,10351
3,0,1,offload,0,300,0,10000,18149,0,10651
3,1,1,depart_if,0,0,0,10000,18149,0,10651
3,1,37,collect,35,143,124,9876,17971,124,10829
3,1,364,collect,0,95,80,9796,17876,204,10924
3,1,400,collect,0,258,219,9577,17618,423,11182
3,1,406,collect,0,357,344,9233,17261,767,11539
3,1,451,collect,0,248,234,8999,17013,1001,11787
3,1,452,collect,0,357,334,8665,16656,1335,12144
3,1,497,collect,0,159,136,8529,16497,1471,12303
3,1,498,collect,0,174,147,8382,16323,1618,12477
3,1,62,collect,0,303,279,8103,16020,1897,12780
3,1,495,collect,0,317,296,7807,15703,2193,13097
3,1,489,collect,0,386,368,7439,15317,2561,13483
3,1,435,collect,15,482,465,6974,14820,3026,13980
3,1,436,collect,0,288,250,6724,14532,3276,14268
3,1,527,collect,0,251,234,6490,14281,3510,14519
3,1,60,collect,0,347,312,6178,13934,3822,14866
3,1,429,collect,0,631,590,5588,13303,4412,15497
3,1,49,collect,38,93,55,5533,13172,4467,15628
3,1,50,collect,0,69,31,5502,13103,4498,15697
3,1,39,collect,18,171,135,5367,12914,4633,15886
3,1,54,collect,42,88,64,5303,12784,4697,16016
3,1,482,collect,0,560,543,4760,12224,5240,16576
3,1,425,collect,0,323,303,4457,11901,5543,16899
3,1,48,collect,0,104,86,4371,11797,5629,17003
3,1,345,collect,0,605,588,3783,11192,6217,17608
3,1,34,collect,0,169,129,3654,11023,6346,17777
3,1,257,collect,0,425,386,3268,10598,6732,18202
3,1,254,collect,0,328,307,2961,10270,7039,18530
3,1,258,collect,0,89,69,2892,10181,7108,18619
3,1,260,collect,0,105,85,2807,10076,7193,18724
3,1,245,collect,20,218,195,2612,9838,7388,18962
3,1,243,collect,24,644,620,1992,9170,8008,19630
3,1,205,collect,0,311,281,1711,8859,8289,19941
3,1,202,collect,0,221,183,1528,8638,8472,20162
3,1,208,collect,0,93,59,1469,8545,8531,20255
3,1,1,arrive_if,17,0,0,1469,8528,8531,20272
3,1,1,offload,0,300,0,10000,8228,0,20572
3,2,1,depart_if,0,0,0,10000,8228,0,20572
3,2,206,collect,51,686,648,9352,7491,648,21309
3,2,147,collect,0,564,521,8831,6927,1169,21873
3,2,19,collect,42,376,339,8492,6509,1508,22291
3,2,90,collect,0,462,426,8066,6047,1934,22753
3,2,8,collect,0,88,36,8030,5959,1970,22841
3,2,96,collect,35,715,696,7334,5209,2666,23591
3,2,9,collect,0,123,103,7231,5086,2769,23714
3,2,159,collect,38,577,561,6670,4471,3330,24329
3,2,160,collect,0,379,336,6334,4092,3666,24708
3,2,224,collect,21,38,16,6318,4033,3682,24767
3,2,249,collect,0,527,491,5827,3506,4173,25294
3,2,250,collect,0,423,402,5425,3083,4575,25717
3,2,291,collect,0,360,340,5085,2723,4915,26077
3,2,281,collect,15,291,246,4839,2417,5161,26383
3,2,215,collect,0,585,546,4293,1832,5707,26968
3,2,212,collect,0,211,163,4130,1621,5870,27179
3,2,1,arrive_if,17,0,0,4130,1604,5870,27196
3,2,1,offload,0,300,0,10000,1304,0,27496
3,2,0,depot_end,267,0,0,10000,1037,0,27763
